0	0.120638298606541	0.6400169165996259	0.8349235085456576	-0.07559615077343591	0.811588377284179	-0.5793181577039282	-0.757076341368972	0.331386542656215	0.5630438461485328	0.6489380828150033	0.4811520188086029	0.5893828123289602
0.02	0.1218720045850166	0.6412447768012245	0.8279314963397648	-0.06565494012869796	0.8212798947453996	-0.5667351791830842	-0.7689048035075152	0.3203548757838283	0.5533156031638703	0.6359833582569333	0.4720933043885641	0.6104531759043605
0.04	0.1233225799247588	0.6425580410865723	0.820846639836301	-0.05767785598335808	0.8288766042480088	-0.5564502132800856	-0.7782513167432192	0.3117781567183405	0.5450864784424216	0.6252984510748524	0.4644975305893496	0.6270916130517038
0.06	0.1249396993008699	0.6439633637616834	0.8136954058590991	-0.05171740581281144	0.8345755671082181	-0.5484605115429849	-0.7851896519169629	0.3053769544311549	0.538722680258475	0.617091987031526	0.4585068576241287	0.6395067951579072
0.08	0.1266812659833776	0.6454648521238104	0.8064981280721648	-0.04780152891620581	0.8385423694396313	-0.5427353945412464	-0.7898047215328068	0.3009081663556923	0.5344742999106137	0.6114928582393738	0.4542036658537932	0.647900852173554
0.1	0.1285134118372392	0.647064066461446	0.7992690069796462	-0.04592697492353655	0.8409172039479617	-0.5392114326298332	-0.792188919770527	0.2981685699704452	0.532477435460497	0.6085453379717748	0.4516124001686891	0.6524713109759682
0.12	0.1304097357571257	0.6487603181337943	0.7920164786365094	-0.04605980585537244	0.8418219152026493	-0.5377865351318413	-0.7924413103253851	0.2969891409271774	0.5327609406301526	0.6082065964574488	0.4507031320679755	0.6534151993715529
0.14	0.1323538904729939	0.6505496457956739	0.7847419876970869	-0.04810460056764129	0.8413594280716862	-0.5383309950198998	-0.7906687886777629	0.2972579965671709	0.5352387785724366	0.6103513856911202	0.4513889633916182	0.6509371626456545
0.16	0.1343376197083265	0.6524256109966264	0.777440883856449	-0.0519164505286061	0.8396232160365615	-0.5406824735988166	-0.7869925444622207	0.2988980971740005	0.5397246172509138	0.6147742814443325	0.4535336620342381	0.6452594829031378
0.18	0.1363596680040797	0.6543797255331699	0.7701029424816325	-0.05730522790339333	0.8367038082890829	-0.5446492890378982	-0.7815552476804499	0.3018529197677591	0.5459452441873919	0.6211984430744278	0.4569590266339277	0.6366325017619537
0.2	0.1384233478720324	0.6564023776161055	0.7627135855371561	-0.06405208054244009	0.83269655715028	-0.5500125223013167	-0.7745280624201708	0.3060618611393797	0.5535633818087645	0.6292881784221298	0.4614570195218303	0.6253429520128848
0.22	0.1405335086491422	0.6584839417342293	0.7552555093184818	-0.0719312013548435	0.8277084053188219	-0.5565291529077541	-0.7661143144470751	0.3114349003983879	0.5622073994649434	0.6386663913741957	0.4668052041038312	0.611717370973429
0.24	0.1426941515856108	0.6606155800841156	0.747710169337757	-0.0807251756397734	0.8218605086820531	-0.5639403783085641	-0.7565473824819565	0.3178401081647033	0.571501289326242	0.6489372111981522	0.4727821590444464	0.5961187180517363
0.26	0.1449064000464631	0.6627898815963831	0.740059265195513	-0.09023778451993138	0.8152876205439227	-0.5719818511393204	-0.7460821066265806	0.3251009089433573	0.5810945613029317	0.6597110219001789	0.4791821102587534	0.5789351196735175
0.28	0.1471675927411194	0.6650010773314986	0.7322858405324675	-0.1002986626254285	0.8081329196374948	-0.5803975899964876	-0.734979949278101	0.3330085228560881	0.5906858707167213	0.6706300414048836	0.4858255941213744	0.5605611827997944
0.3	0.149471352382186	0.6672449412626525	0.7243750064451177	-0.1107628592731701	0.8005388305104612	-0.5889559999274783	-0.7234897054667304	0.3413455078370073	0.6000382407506705	0.6813913964009938	0.492565554139182	0.5413731982526152
0.32	0.1518084129011528	0.6695184932294029	0.7163143069518261	-0.1215095324870508	0.7926351054083178	-0.597465499580624	-0.7118263116906846	0.3499140876772022	0.6089855771936385	0.6917649423753829	0.4992892157050636	0.5217006263950701
0.34	0.1541679439145014	0.6718196007799079	0.7080937547614162	-0.1324426997336785	0.7845246762665051	-0.6057887120244075	-0.7001502166822355	0.3585647751171808	0.6174309484671014	0.7016043082586323	0.50591731970165	0.5017958352346356
0.36	0.1565389150805676	0.6741466082519614	0.6997056603713885	-0.1434979965624361	0.7762693858064523	-0.6138519085595814	-0.6885498322360725	0.3672184546786718	0.6253396957423102	0.7108498107970798	0.5124026221664775	0.4818050428198886
0.38	0.1589112194609096	0.6764980082505661	0.6911443108552824	-0.1546557676397669	0.7678765135936403	-0.6216488183910842	-0.677028435527239	0.3758798419359057	0.6327296752277215	0.7195235166575824	0.5187292205934761	0.4617422491815012
0.4	0.1612763404085295	0.6788721214564526	0.6824055492093963	-0.1659583391257369	0.7592882283409454	-0.6292370109724129	-0.6654972373166181	0.384640520640695	0.6396601417981335	0.7277164673130463	0.5249124271572589	0.4414699163219402
0.42	0.1636274781645488	0.6812667023828723	0.6734862777384321	-0.1775273244580665	0.7503753288584308	-0.6367267191750031	-0.6537755882272176	0.3936724660376197	0.6462193665637195	0.7355688474296043	0.5309979805276677	0.4206894524071448
0.44	0.1659591641785533	0.6836783774611945	0.6643838992950737	-0.1895758639912728	0.7409367995031647	-0.6442620980113416	-0.6415992786097279	0.4032134768899368	0.6525099675421185	0.7432438075621295	0.537058238179381	0.3989449728022962
0.46	0.1682664278863474	0.6861018638448328	0.6550957440452165	-0.2024115366682318	0.7307058631249936	-0.6519957909514169	-0.6286372094669967	0.4135467137900647	0.6586306813283059	0.7508960172335148	0.543183262912433	0.3756422689137248
0.48	0.1705436095485024	0.688528975068377	0.6456185725279575	-0.2164273655604028	0.7193627947751009	-0.660057849684359	-0.614516128809161	0.4249762210717681	0.6646541498832039	0.7586363574664664	0.5494655412461422	0.3500835559021558
0.5	0.1727829183328824	0.6909474885755116	0.6359482971141994	-0.2320806895934529	0.7065538849143855	-0.6685208756876762	-0.5988520525954462	0.4378002764300282	0.6706020705753989	0.7664951223719882	0.5559788895904059	0.3215162541921812
0.52	0.1749728600484128	0.6933400042106361	0.6260800898573821	-0.2498609007946739	0.691915760385761	-0.6773640902674642	-0.5812868298967003	0.4522837676045684	0.6764207381135363	0.7743869521387349	0.562753919658683	0.2891934893217175
0.54	0.1770967136138598	0.6956829528723968	0.616009023136212	-0.2702479356351896	0.675104133869618	-0.6864404283878128	-0.5615279184019868	0.4686304814923994	0.6819617794858347	0.7820821249431975	0.5697542279477238	0.252443398797337
0.5600000000000001	0.1791313027256117	0.6979459226320794	0.6057313132409241	-0.2936631832365503	0.655826506107102	-0.6954520319178941	-0.5393894775666942	0.486955793573791	0.6869738325404023	0.789190044477061	0.5768584306329162	0.2107449280671402
0.58	0.1810463635538817	0.7000914606907839	0.5952461108391597	-0.3204142287848753	0.6338779392206254	-0.703941389720485	-0.5148322274897783	0.5072612838241962	0.6911105320214295	0.7951619328980158	0.5838533618147986	0.1638070583566293
0.6	0.1828048081036259	0.702075491190167	0.5845576334948911	-0.3506367650361775	0.6091783741726806	-0.7113055373363116	-0.4879971642899144	0.5294138471833081	0.6939594700381145	0.7993201027435606	0.5904427888042185	0.1116453604012962
0.62	0.1843640983814446	0.703848459817336	0.5736773019568033	-0.3842393285374725	0.581807561600955	-0.7168403585659959	-0.4592261907102914	0.553134267256028	0.695092647172201	0.8009191246129618	0.5962737992324425	0.05464533079892669
0.64	0.1856787733875478	0.7053572727323772	0.5626254612949346	-0.4208613488998574	0.5520316909366066	-0.7198171553970242	-0.4290608351198221	0.5780004617532927	0.6941341844191679	0.7992387157592372	0.6009795990003752	-0.006402875672363251
0.66	0.1867039385623014	0.7065480234380164	0.5514322734599034	-0.4598586691705012	0.5203135638360772	-0.719585852888268	-0.3982112864083372	0.6034699080525134	0.6908341634951979	0.7936987941062742	0.6042332872022959	-0.07031613521060281
0.68	0.1873992900776119	0.7073693962308719	0.5401374663462013	-0.5003301568522347	0.487298591168113	-0.7156883520009185	-0.3674937344836794	0.6289218154664713	0.6851318888692874	0.7839758218589765	0.6058031306257261	-0.1355893715031262
0.7000000000000001	0.1877330710792154	0.7077765060616261	0.5287888017866385	-0.5411918815478221	0.4537723903307209	-0.7079561887011618	-0.3377432945062958	0.6537141524105368	0.6771907219935991	0.7700914324693962	0.6055975765404952	-0.2005262100712036
0.72	0.1876853080109825	0.7077347870884592	0.517439355231181	-0.5812915104480745	0.4205926015550165	-0.6965644574611742	-0.3097193886522884	0.6772455281798889	0.667392234636573	0.752445400128043	0.6036889580549971	-0.2634113925945963
0.74	0.1872497668443027	0.7072234524218736	0.5061439113800572	-0.6195412273091286	0.3886050828543972	-0.6820225489263729	-0.2840248831282456	0.6990097693909153	0.6562889668888602	0.7317776529987005	0.6003094467654058	-0.3226918571887563
0.76	0.1864343072443005	0.7062379943555841	0.4949549554970421	-0.6550387784223541	0.3585604936385382	-0.6651004218647273	-0.2610568680951788	0.7186328662668148	0.6445278234036749	0.7090652370433109	0.5958197512023499	-0.3771277153616313
0.78	0.1852596314917848	0.7047912486770097	0.4839188182678121	-0.6871491424642792	0.331048059488539	-0.6467095471071084	-0.2409968119215099	0.7358870926433194	0.6327643507061971	0.6853806188201397	0.5906584200617464	-0.4258826577308483
0.8	0.1837567263675384	0.702912760459081	0.4730724691768766	-0.7155338511929451	0.3064575868020051	-0.6277699063259443	-0.2238352538666901	0.7506835917088687	0.6215882272578116	0.6617469961574651	0.5852844544583136	-0.4685435096615992
0.8200000000000001	0.1819635753940236	0.7006463108567184	0.4624413854812064	-0.7401282678990559	0.284975082997813	-0.6090971590207375	-0.2094198271267022	0.7630481822402588	0.6114742902085586	0.6390254166016924	0.5801264290223533	-0.5050740968281864
0.84	0.1799217663478641	0.6980459079195804	0.4520386288566867	-0.7610832180975203	0.2666068628349096	-0.591331646218643	-0.1975114499351109	0.7730880785290845	0.6027636767264084	0.6178523790314744	0.5755480896723886	-0.5357264546385699
0.86	0.1776735863801227	0.6951706863288581	0.4418650920623477	-0.7786886660589002	0.2512242931496203	-0.5749176600895882	-0.1878381245073417	0.780955543601055	0.5956721228161941	0.5986324417645431	0.5718345857415932	-0.5609317304421015
0.88	0.1752600563798918	0.6920791762548304	0.4319107639231367	-0.793292476549123	0.2386218739846298	-0.5601309203272287	-0.1801417926482066	0.7868119034811721	0.5903185267987445	0.5815805887338898	0.5691982341824426	-0.5811861913462429
0.9	0.1727198579523877	0.6888241406492521	0.4221563423665449	-0.8052349732036349	0.2285718312889722	-0.5471302914945835	-0.1742114417481345	0.7907976094500649	0.5867618890590117	0.5667865660844289	0.567797550918696	-0.5969580635831583
0.92	0.1700892509801947	0.6854477862450667	0.4125752001658296	-0.8147913173466981	0.2208793877515022	-0.5360292951350277	-0.1699100232746176	0.7930047433530563	0.5850419309847579	0.5542974771431423	0.5677638356623964	-0.6086037575850759
0.9400000000000001	0.1674024352316672	0.6819785300064991	0.4031349078666387	-0.8221384865063353	0.215421542815945	-0.5269552807363013	-0.1671893770986823	0.7934572997340106	0.5852121202471582	0.5441838119518363	0.5692267319703256	-0.6163155899536881
0.96	0.1646918458296379	0.6784297455226922	0.3937978925142442	-0.8273505489723766	0.2121619311190245	-0.5200753638646591	-0.1660921660094004	0.7921013210751746	0.5873575482968417	0.5365672944798423	0.5723310336988695	-0.6201070281489944
0.98	0.161988893176631	0.6747978393851792	0.3845225539043903	-0.8303764521430522	0.2111811991097441	-0.5156330564159838	-0.1667659466675792	0.7887858375609753	0.5916130673804451	0.5316616092576036	0.5772515947191513	-0.6197713527066376
1	0.1593232189876987	0.6710651387070343	0.3752617353451332	-0.8310894177289679	0.21263772700318	-0.5138828434515464	-0.1694405478283562	0.7832741760860834	0.5981400052063854	0.5296982919460399	0.5841804191614002	-0.614941425973125
1.02	0.1567228779447625	0.6671989866659342	0.3659631796571282	-0.829268794473604	0.2167885954361447	-0.5150883141764344	-0.1744444089467117	0.7752243719498252	0.6071213398672753	0.5309259973852575	0.5933210581328008	-0.6050518219761423
1.04	0.1542143376966057	0.6631517425041489	0.3565695291736003	-0.8245897668306166	0.2240010208902917	-0.5194951963958261	-0.1822206789108758	0.7641706497747013	0.6187397208844553	0.5355813109281267	0.60486920955114	-0.5893096798131634
