0	0.04551857113250593	0.3560310123749861	0.3566139742011802	0.1578908015589159	0.9874508939644064	-0.003350640532733898	-0.03054854177046091	0.008276154011180401	0.9994990204449853	0.9869839316720344	-0.1577093443131379	0.03147191347120095
0.02	0.04538557118523888	0.3560082297979602	0.3521685439372719	0.1389517155890445	0.9902488037844819	-0.009986357607880856	-0.01120863864633615	0.01165617300592643	0.9998692414763828	0.9902357230248618	-0.1388216129940402	0.01271898624796307
0.04	0.04520243343238474	0.3559504682771897	0.3476862508221847	0.1230639787714916	0.9922638400853998	-0.01636241998935499	0.004956427562044696	0.01587299591816815	0.999861731354093	0.992386361733551	-0.1231280620312039	-0.002964689813106168
0.06	0.04496015636973156	0.3558580548519552	0.3431368352108189	0.1061140348177645	0.9940971628472458	-0.02259739882709913	0.02203186960730966	0.02036957174680339	0.9995497372659649	0.9941098572775054	-0.106564118566751	-0.01974032162328375
0.08	0.04465012555139869	0.3557301999857339	0.3385009772678919	0.08447690373407815	0.9960170021145177	-0.02852690369304443	0.04361353957837668	0.02490576512873247	0.9987379846730566	0.9954704977551819	-0.08561445183005817	-0.04133586501925411
0.1	0.04426411358983603	0.3555649975661966	0.3337702969679193	0.05497149175946443	0.9979209821566809	-0.03364295565491199	0.07285263223182974	0.02959549213764612	0.9969035062743249	0.9958266059262854	-0.05725225075565931	-0.07107426195732509
0.12	0.04379464594860913	0.355359646549114	0.3289466738353151	0.01466440368352096	0.9992108064988151	-0.03691503000943882	0.1126529700474373	0.03503289737453503	0.9930166184113125	0.9935261766073923	-0.01872058432678194	-0.1120503285062831
0.14	0.04323376991425192	0.3551097363043191	0.3240444253376464	-0.03891313760607915	0.9985741245536114	-0.03654429495339073	0.1654508080963179	0.0425059711196047	0.9853016149989076	0.9854500483646688	0.03229489419659582	-0.1668689365547254
0.16	0.0425739637126763	0.3548097278661474	0.3190888458535998	-0.1075090440384067	0.9937603505511918	-0.02970136566427461	0.2329617432632449	0.05422305311708685	0.9709730617717545	0.9665250289701267	0.09746910373567766	-0.2373376122557608
0.18	0.04180866304913568	0.3544532664263712	0.3141152624174012	-0.1912101552518569	0.9814700657048718	-0.01245739354271347	0.3152426666440411	0.07342492537659762	0.9461663920582984	0.9295486741724603	0.1769895207597173	-0.3234408321247212
0.2	0.04093346676810442	0.3540339713384398	0.3091666146764809	-0.2869802582943661	0.9577345697768898	0.01966787237045457	0.4092340152296932	0.104009518999143	0.9064819583072544	0.8661234624049233	0.268191188915385	-0.4217862421415262
0.22	0.03994767961176356	0.3535465732318625	0.3042898946940279	-0.3873827944004126	0.9192545297030359	0.07004056126972405	0.507487800702392	0.1491997924517489	0.8486433609418065	0.7696692164435172	0.3642945670097284	-0.5243078920886254
0.24	0.03885556889223332	0.3529880675514133	0.2995323478682578	-0.4812476161895839	0.8655931439339081	0.1383807829377567	0.5988385770089067	0.2093574279599557	0.7730212325958089	0.6401508342553375	0.4548823765904916	-0.6191033297193584
0.26	0.03766738287184519	0.3523588817939203	0.2949372889056504	-0.5575878641635746	0.8006121954537156	0.219353336487703	0.6723237046941641	0.2805544192389054	0.6850328853068565	0.486905134337092	0.5294424712244992	-0.6947042966758437
0.28	0.03639964624403853	0.3516637070350399	0.290540436841533	-0.6104561483621971	0.7312372255884756	0.3043606591537497	0.7220407397521456	0.3558141866569992	0.5933409093529881	0.3255771199962426	0.5819694016761727	-0.745192025217469
0.3	0.03507466905669474	0.3509118410517632	0.2863671106555308	-0.6404802386860498	0.6642732665008371	0.3853908292434696	0.7486816218079189	0.428300556656217	0.505998480565939	0.1710581568348175	0.6126170586755506	-0.7716472292440324
0.32	0.03371927655660042	0.3501169262048348	0.2824306148036273	-0.6524576599409891	0.604084916480813	0.4575810481922283	0.7571237972301562	0.4936399375822327	0.4278821890329153	0.03259689635715185	0.6256205125346989	-0.7794462243437345
0.34	0.03236286653455633	0.3492960477169348	0.2787320332562091	-0.6521079270980249	0.5523599902359042	0.5192819009001844	0.7531764017087191	0.550157113573308	0.3606278667737603	-0.08649022676015686	0.6262791642480841	-0.7747863248042641
0.36	0.03103509335444498	0.3484683199844858	0.2752613060440747	-0.6442095925464332	0.5090203757892382	0.5708697381211769	0.7417105461079223	0.5979615731294121	0.3038213666826096	-0.1867069004173326	0.6191447440558491	-0.7627583622908185
0.38	0.02976349092456981	0.3476531629335778	0.2719993546088139	-0.6321386354659142	0.4731706734826687	0.6136043181947572	0.7261902513984279	0.6379941403564124	0.2561468243893981	-0.2702747940988683	0.6075137781374529	-0.7469126756508941
0.4	0.02857137458854187	0.3468685445675777	0.2689208420518833	-0.6180707991250464	0.4436915688944834	0.6489424311607969	0.7088680634614559	0.6714278011315478	0.2160804860973384	-0.339844899731244	0.5935676031924336	-0.7295087008165559
0.42	0.0274763015207688	0.3461294676369501	0.2659971003263122	-0.6033352761804764	0.419521056122989	0.6782246147005313	0.6911335770358544	0.6993806806382751	0.1822115315878142	-0.3978956184853822	0.5786784487255439	-0.7119061242683242
0.44	0.02648925696975352	0.345446918439558	0.2631987988572095	-0.5887205504341868	0.3997553998460919	0.7025693800546385	0.6738161029946871	0.7228099653807718	0.1533545346290802	-0.4465198459660243	0.5636855277902204	-0.6948947063536601
0.46	0.02561461192368219	0.3448273990850441	0.2604980216056039	-0.5746925111764868	0.3836660899532077	0.7228615697474047	0.6574020586539674	0.7424913200859777	0.1285658308980668	-0.4873920915189259	0.5490965042840839	-0.6789270786379122
0.48	0.02485076724721341	0.3442730421800254	0.2578695787520015	-0.5615362278320122	0.3706828873519917	0.7397778462866986	0.6421781189935234	0.7590338946678835	0.1071205406597838	-0.5218087085495366	0.5352212101268927	-0.6642694693512343
0.5	0.02419130375554867	0.3437821985222504	0.2552915384173257	-0.5494409090431039	0.3603657454765728	0.7538243939784667	0.6283193605488681	0.7729080936696866	0.08847519369491623	-0.5507535461795507	0.5222543520421876	-0.6510921003542015
0.52	0.02362640596587881	0.3433503151598497	0.2527451031579576	-0.5385445923837601	0.3523747905882185	0.7653768542177046	0.615938126992374	0.784476628881846	0.07222632799311313	-0.5749695172193677	0.5103218843985952	-0.6395167148499973
0.54	0.02314432507779075	0.342970897766552	0.2502140509797596	-0.5289516291585652	0.3464424931238841	0.7747178666899407	0.6051061363433098	0.7940241776703495	0.05807038001084359	-0.5950266697973996	0.499502957181474	-0.6296348608493586
0.5600000000000001	0.02273268965523048	0.3426363794838188	0.2476839964146614	-0.5207340396883867	0.3423498981544198	0.782069438824631	0.595859943603178	0.8017831172552984	0.04576855354492235	-0.6113812129261352	0.4898370954899553	-0.6215083526091453
0.58	0.02237954142196844	0.3423387839475832	0.2451417108863669	-0.5139258350209389	0.3399083766928515	0.787618265120907	0.5881987738570782	0.807953499083213	0.03511902265478631	-0.6244216832646586	0.481324670854537	-0.6151618670689147
0.6	0.02207404952722937	0.3420701525314525	0.2425746830378831	-0.5085176790845872	0.3389472423795773	0.7915330295961794	0.5820816314214737	0.8127165531084507	0.02593797727726707	-0.6345003896138625	0.4739267571965104	-0.6105756991504491
0.62	0.02180692024228046	0.3418227809149414	0.2399710175440201	-0.5044564038948851	0.3393069188207241	0.7939738984436624	0.5774282998184512	0.816241858341809	0.01804957782010593	-0.6419503837043907	0.4675682233975031	-0.6076838498188751
0.64	0.0215705583676649	0.3415893584037917	0.2373196835410487	-0.5016509192895184	0.3408366449861729	0.7950954261034217	0.5741257950054367	0.8186893524403723	0.01128342634866116	-0.647090354344286	0.4621451348173548	-0.6063793760339256
0.66	0.02135904960477723	0.3413631146488961	0.2346110458246508	-0.4999833428822108	0.3433954774507954	0.7950447804411246	0.5720396416739946	0.8202076857498762	0.00547727946342714	-0.6502209664366583	0.457535679814345	-0.6065260064523282
0.68	0.02116802589301739	0.3411380527880364	0.2318375543157314	-0.4993229333919004	0.3468545243154734	0.7939575222584732	0.5710271170082278	0.820931055931159	0.0004827515317910939	-0.6516169425592131	0.4536123238732052	-0.6079730420011815
0.7000000000000001	0.02099445988692068	0.3409092958540585	0.2289944354519687	-0.4995393031625038	0.3510994137224608	0.7919530833828891	0.5709499245466346	0.8209759580864209	-0.003828825443442102	-0.6515187397582007	0.4502529044079872	-0.6105699417888663
0.72	0.020836421745339	0.340673511294595	0.2260802250500542	-0.5005129916577328	0.3560318266201484	0.7891312207835586	0.5716837223995521	0.8204392353284357	-0.007561922843031379	-0.6501265005560227	0.447348633134397	-0.6141780960825364
0.74	0.0206928279672863	0.3404293251767165	0.2230970046960783	-0.5021419511439618	0.3615697191870617	0.7855703654468679	0.5731237013694767	0.8193977655614688	-0.01079466170955234	-0.6475976249415123	0.4448085430383077	-0.6186781685256496
0.76	0.02056321771788904	0.3401776088427192	0.2200502493071428	-0.5043442852947349	0.3676467090317625	0.781327549257455	0.5751865609326811	0.8179095482245932	-0.01357906644375395	-0.6440475619183633	0.4425605814588107	-0.6239734527412695
0.78	0.02044759970524539	0.3399215257759631	0.2169482566823376	-0.5070583693825157	0.3742111717298864	0.7764391856363855	0.577810262569715	0.8160153983236085	-0.01594271519807853	-0.6395522734759621	0.4405506425501081	-0.6299904926587593
0.8	0.02034641230885233	0.3396662655672294	0.213801202158721	-0.5102419066404836	0.3812257764360655	0.7709215939955276	0.5809529095749213	0.8137405231330177	-0.01789072015423443	-0.6341505448742589	0.43874054792317	-0.6366787400595063
0.8200000000000001	0.02026062272156321	0.3394184573375477	0.2106199329783187	-0.5138705089443644	0.3886680305863391	0.7647707251440783	0.584592169660984	0.811095157533993	-0.01940723050752218	-0.627844801848616	0.4371061740870798	-0.6440101686826321
0.84	0.02019195554463153	0.3391853316100838	0.2074146756787576	-0.517936698177744	0.3965315354566351	0.7579606309493534	0.5887251298511404	0.8080744298880648	-0.02045573862850584	-0.6205999501792576	0.4356356931536752	-0.6519794817998668
0.86	0.02014319475388628	0.3389737681899122	0.2041938632571195	-0.5224482671573595	0.4048275147447753	0.7504415310001452	0.593368269053415	0.8046576838301123	-0.02097877817493831	-0.6123413308154425	0.4343278659707757	-0.6606038142611997
0.88	0.02011845744209144	0.3387894117118487	0.2009632899434895	-0.527425621018922	0.4135854472795971	0.7421383240955441	0.5985560245974683	0.8008083272581186	-0.02089756952686674	-0.6029534805529219	0.4331894513865626	-0.6699208904762788
0.9	0.02012331301312799	0.3386360401730815	0.1977257618258663	-0.5328970816293486	0.4228518008592798	0.7329509225732573	0.6043367499351368	0.796475091380225	-0.02011271957491212	-0.5922818527261846	0.4322311688447822	-0.6799841348225074
0.92	0.02016462877639119	0.3385153328516988	0.1944813370636266	-0.5388916178840045	0.4326860633574121	0.7227576320943523	0.6107651358370064	0.7915955009119486	-0.01850707383596528	-0.5801394427380114	0.4314618563815781	-0.6908537424574084
0.9400000000000001	0.02025006707548274	0.3384271082990422	0.1912281503139791	-0.5454295764544778	0.4431537709885703	0.7114220353540517	0.6178910187357427	0.7861019334549991	-0.01595114992788042	-0.5663190497364551	0.4308810572268448	-0.70258397962712
0.96	0.02038724229480816	0.3383699972455646	0.1879636976207662	-0.5525121301189292	0.4543168513379355	0.6988036524388156	0.6257456318376151	0.7799300173906958	-0.01231146656953084	-0.5506112515265087	0.4304710984065404	-0.7152075804471592
0.98	0.02058263119109251	0.3383424204027757	0.1846863673029178	-0.5601113131743594	0.4662224513090449	0.6847714529311809	0.6343273844242847	0.773028523314882	-0.007461334402102648	-0.5328265066825618	0.4301901068562585	-0.7287196894138793
1	0.02084042125593056	0.3383436529216748	0.1813969229836127	-0.5681631823346757	0.4788919626450955	0.6692182651073285	0.6435902935471173	0.765369103192133	-0.001292258025892961	-0.5128178353872549	0.4299681662551292	-0.7430647641463912
1.02	0.02116153491292484	0.3383747155829697	0.1780996207886016	-0.5765658704495357	0.4923124950203267	0.6520737721144989	0.6534379672689214	0.7569540547420268	0.006275503251896282	-0.4905003771295491	0.4297080011548146	-0.7581295494698155
1.04	0.02154304220855899	0.3384388716449379	0.1748027131848832	-0.5851841618321567	0.5064331289055898	0.6333127052947	0.6637256602108941	0.747819883615735	0.01528625678711234	-0.4658623667118972	0.4292911688071895	-0.7737450146306263
1.06	0.02197817662017105	0.3385415188937868	0.1715181092236076	-0.5938606954033969	0.5211678254432581	0.6129547880372366	0.6742709991896957	0.7380349647258047	0.02574899015374887	-0.4389625201617858	0.4285889505866162	-0.7896983077912345
1.08	0.02245698812484037	0.338689452067348	0.168260200694674	-0.6024310956175587	0.5364055468148361	0.5910548742539092	0.68487154844179	0.7276907139668695	0.0376455434458453	-0.4099118651222152	0.4274755129275413	-0.8057524115256265
1.1	0.02296759306677731	0.3388895464053935	0.1650439486103552	-0.610739607305984	0.5520265874467427	0.5676828153288235	0.6953252191784337	0.7168871727618892	0.05094723843300012	-0.3788402983345853	0.4258396743862393	-0.8216693982840224
1.12	0.02349793587268178	0.3391469546704639	0.1618823632028385	-0.6186504809871848	0.5679230554910492	0.5428950040440931	0.7054488983363617	0.7057148888195239	0.06563800373610604	-0.3458517517815099	0.4235916650976007	-0.8372315492439972
1.14	0.02403756245700865	0.3394633141187309	0.1587840396128622	-0.6260509999394682	0.5840174804827805	0.5167046815786916	0.7150887049677503	0.6942384120331958	0.08173843211841256	-0.3109795644449009	0.4206621087620969	-0.8522529558467307
1.16	0.02457949784220997	0.33983487094204	0.1557506140609488	-0.6328444978277906	0.6002786569183582	0.4890535508688016	0.7241212604896169	0.6824825720818219	0.09932743282452372	-0.2741463873116343	0.4169928930483989	-0.8665798782980754
1.18	0.02512161882559608	0.3402511179075361	0.1527749277824598	-0.6389332900548399	0.6167280998448472	0.4597941949628248	0.7324425419794499	0.6704273406137259	0.1185542224313975	-0.2351428790298565	0.4125210683339522	-0.8800762436415606
1.2	0.02566722486992076	0.340694230682273	0.1498402708576587	-0.6441938453495477	0.633434532931596	0.4286898437139545	0.7399460107922385	0.6580136614924385	0.1396349612452669	-0.1936341672495233	0.4071593223531124	-0.8925957066301289
1.22	0.02622598453895132	0.3411381377749172	0.1469191375458004	-0.6484479235959026	0.6505030613579853	0.3954251604893802	0.7464980502014485	0.645154775226923	0.1628372716773843	-0.1491842868052756	0.400775602009139	-0.9039485413476888
1.24	0.02681260546355405	0.3415498331492726	0.1439749883809379	-0.6514355655174386	0.6680418881632453	0.3596550286569936	0.7519059078668018	0.6317676861421091	0.1884332679269946	-0.1013371091652826	0.393178873295518	-0.9138605823100659
1.26	0.02744723807567377	0.3418889768898493	0.1409617129982245	-0.6527960663361224	0.6861315665284033	0.3210619398019082	0.7559008995366828	0.6178036832980121	0.2166389599842174	-0.04971041999136833	0.3841120699961005	-0.9219472825642432
1.28	0.02815547560833644	0.3421078952018676	0.1378236301339045	-0.6520672419311482	0.7047820814121311	0.2794468280741262	0.7581384852833813	0.6032904423291986	0.2475210684496588	0.005860813298974032	0.3732597753771835	-0.9277083544696847
