0	0.07624372744812828	0.6326138886614816	0.825280218351532	-0.1174162309853476	0.992604423567175	0.03082023711914097	-0.9914349851106614	-0.1153778525590177	-0.0611933120324419	-0.05718477944196206	-0.03774134938968223	0.9976499844867619
0.02	0.07624380710057733	0.6329589520622253	0.8197258412084553	-0.1213943764453669	0.9919067298164671	0.03720812696509478	-0.9908365030860043	-0.1188567654501435	-0.06415678809787126	-0.05921511225815809	-0.04465544369435319	0.9972459384869559
0.04	0.07626671555587329	0.6332595465471271	0.8141104389309588	-0.123107929276337	0.9914805830827637	0.04255221638366998	-0.9905544456163244	-0.1201577553043425	-0.06606060936719088	-0.06038483269029864	-0.05028287193559997	0.9969078717569074
0.06	0.07630128286614773	0.633521113623702	0.8084771577041312	-0.1232068318049784	0.991252216298241	0.04731934361773191	-0.9905110757997929	-0.1199089923949171	-0.06715387003575647	-0.06089240769195656	-0.05514414952348853	0.9966199062124047
0.08	0.0763380269141952	0.6337479761791652	0.8028616126371553	-0.1222415126114985	0.9911434097808854	0.05188211486033079	-0.9906280507720675	-0.1186346934687749	-0.06768954519799456	-0.06093502784109057	-0.05967035070700925	0.9963565484446436
0.1	0.0763691534134729	0.6339433384804312	0.7972918877632834	-0.1206805706004933	0.9910805142512128	0.05652976340919413	-0.9908334437780491	-0.1167767899828249	-0.06791368059711175	-0.06070656118146389	-0.06420744188072927	0.9960884086448702
0.12	0.07638848459513538	0.6341093239221824	0.791788948337687	-0.118918564598928	0.9909987017219749	0.06148128316079866	-0.9910654546751799	-0.1147041216201236	-0.06806048069799887	-0.06039569142925291	-0.06902563052028948	0.9957850284012481
0.14	0.0763916698459686	0.6342468508053417	0.7863652624390877	-0.1172631639520528	0.9908474370755286	0.06686334437357364	-0.9912754757725417	-0.1127017291612685	-0.06834655350483912	-0.06018539284480821	-0.07429452661485321	0.9954185259493659
0.16	0.07637607281635829	0.6343557203389831	0.7810258138267601	-0.1159386579207297	0.990589808004594	0.07273279780793653	-0.9914272948031537	-0.1109725638639539	-0.06897107501531692	-0.06025069890754794	-0.08010569484681307	0.9949637837299794
0.18	0.07634067621892555	0.6344346697805454	0.7757686882167548	-0.1150867893877103	0.9902018295673325	0.07909088209107296	-0.9914956609610319	-0.1096368320195771	-0.07011504375072129	-0.06075677084805864	-0.08648758168792878	0.9943985684874583
0.2	0.07628579360069349	0.6344815011262439	0.770586434037701	-0.1147754041610645	0.9896696402594272	0.08591047519626736	-0.9914637351241352	-0.1087384042416728	-0.07194179158653578	-0.06185683901857963	-0.09343426882979633	0.9937020523652381
0.22	0.07621257962804785	0.6344932584065242	0.7654678473012905	-0.1150116920857393	0.9889853627139055	0.09316792914531818	-0.9913202596142366	-0.1082556837286089	-0.07459792100870781	-0.06369029409529514	-0.1009388888293474	0.9928518958837547
0.24	0.07612241030746468	0.634466395984459	0.7603995358692003	-0.1157541608022347	0.9881431481591791	0.100866709091968	-0.9910573061547375	-0.1081117959332605	-0.07821288575040924	-0.0663806460822132	-0.1090181559473391	0.9918208767209747
0.26	0.07601614660356815	0.634396942394883	0.7553673924196942	-0.1169248296964072	0.9871350132853201	0.1090552600595867	-0.9906684751565557	-0.1081851708729778	-0.08289717205174922	-0.07003253909047551	-0.1177303459154969	0.990573071065014
0.28	0.07589343029738742	0.6342806032620621	0.7503575188045122	-0.1184194967858212	0.9859475415692595	0.1178315240270268	-0.9901477873999971	-0.1083188454386661	-0.08873774185615969	-0.07472738378860225	-0.1271789015378467	0.9890608399465368
0.3	0.07575214674867246	0.6341127815138694	0.7453566071253692	-0.1201182911472561	0.9845594597620182	0.1273352516979958	-0.9894890323514911	-0.108330873735343	-0.09579079627945651	-0.08051739556132155	-0.1375030617436067	0.9872233065640048
0.32	0.07558819745810777	0.6338884992174332	0.7403518290251031	-0.1218982097220925	0.9829402442412687	0.1377290917615601	-0.9886854051756515	-0.1080280925467383	-0.1040725747417219	-0.08741851096424982	-0.1488570034349371	0.9849871047222726
0.34	0.07539569212862526	0.633602225556926	0.7353303398390232	-0.1236476422668388	0.9810502867784356	0.1491696865110561	-0.987729498047612	-0.1072242003098475	-0.1135491503910577	-0.09540282620797626	-0.161379384308742	0.9822703268813899
0.36	0.07516757966176572	0.6332476588708756	0.7302786532722295	-0.12528137431275	0.9788435010993657	0.1617713744945284	-0.9866139988910669	-0.1057618912543399	-0.1241259020127901	-0.1043905859859608	-0.1751565662881231	0.978990695994437
0.38	0.07489664246606047	0.6328175458910771	0.7251820946463376	-0.1267520464087684	0.9762739002479518	0.1755653451733755	-0.985333809347856	-0.1035363629317744	-0.1356374052645791	-0.1142418613610499	-0.1901827890360142	0.9750791269775264
0.4	0.0745766736239032	0.6323036568151064	0.7200245325077245	-0.1280534746791157	0.9733079280891489	0.1904573042480053	-0.9838904359455699	-0.1005168266961925	-0.1478376731613724	-0.1247474155140954	-0.2063202478423772	0.970499890599078
0.42	0.07420358643442103	0.6316970443531231	0.7147885170879653	-0.1292124085462823	0.9699433996190521	0.2061891243812534	-0.9822990191247877	-0.09676243862829553	-0.1603922301646483	-0.1356200225046174	-0.223264041005588	0.9652773578043308
0.44	0.07377619407476785	0.6309886863886442	0.7094558637255102	-0.130268234282651	0.9662338274441508	0.2223114433390944	-0.9805973273227847	-0.09242967001502807	-0.1728746301466118	-0.1464891422061556	-0.2405180799930522	0.9595269586687848
0.46	0.07329645356034184	0.6301705414000391	0.704008648847535	-0.131244306233868	0.9623134356937716	0.2381759508523964	-0.9788545201156109	-0.08776866534552732	-0.1847714529701641	-0.156903666402132	-0.2573898072315948	0.9534839938891778
0.48	0.0727690899288278	0.6292369384806249	0.6984305173822208	-0.1321184532205815	0.9584145565206693	0.2529550398151685	-0.9771761954995677	-0.0831064816276729	-0.1954993495141681	-0.1663472189956742	-0.2730107151024698	0.9475197898575258
0.5	0.07220067343676165	0.6281861047032208	0.6927081593211213	-0.1328024586537667	0.9548671725477677	0.2656919076038069	-0.9757019531347202	-0.07881604478932762	-0.2044351479879669	-0.1742676264387909	-0.2863856034691726	0.9421327297684728
0.52	0.07159837314272277	0.6270215351932615	0.6868327895447841	-0.1331395189480342	0.9520723579841811	0.2753762764958708	-0.9745930624685976	-0.07527217276755614	-0.2109560679263221	-0.180117270361201	-0.2964663980441893	0.9379048159319476
0.54	0.0709687089442626	0.6257528716113965	0.6808014559652432	-0.1329243523603014	0.9504480437220479	0.281033152376244	-0.9740106331864266	-0.0727999543218829	-0.2144841558029649	-0.1833968456363776	-0.302239446194018	0.9354233876566082
0.5600000000000001	0.07031663622764103	0.6243959984669999	0.6746180068833685	-0.1319438697387022	0.9503549564388775	0.2818089281950432	-0.9740878865036181	-0.07162452375515346	-0.2145290585532984	-0.1836943238243731	-0.3028124574202823	0.9351796677782307
0.58	0.06964521244933461	0.6229721975350361	0.6682935666944924	-0.1300295215635769	0.9520186479224328	0.2770429885954388	-0.9749023624477909	-0.07183253340056478	-0.2107260563835806	-0.1807144355486486	-0.297490472373826	0.9374655789047065
0.6	0.06895593165881433	0.6215063962914591	0.6618464047633313	-0.127108175517193	0.955466646421203	0.2663212332753697	-0.9764543967375519	-0.0733535369959063	-0.2028695879181928	-0.1742995203911868	-0.2858369223645081	0.9422934420893502
0.62	0.06824961583097779	0.6200247609158342	0.6553011381654731	-0.1232379711149819	0.9604970808500715	0.2495150499548219	-0.978657256782246	-0.07596544177678206	-0.1909429899292205	-0.164445663436027	-0.2677211409921766	0.94935926521151
0.64	0.06752757895898891	0.6185520606471425	0.6486872847862946	-0.1186187002077865	0.966688677381375	0.2268096227757241	-0.9813423756666265	-0.07932396851401616	-0.1751423699170845	-0.1513167065528485	-0.2433530543096564	0.9580618692319236
0.66	0.0667926848578998	0.6171093159182622	0.6420372726639361	-0.1135718960384151	0.9734536690537665	0.1987193464059372	-0.9842804482390887	-0.08301239011203364	-0.1558875950874549	-0.1352531834911929	-0.2133000170971656	0.9675792882559311
0.68	0.06604993462615204	0.6157122072369765	0.6353841002977209	-0.1084928810968109	0.9801259667264361	0.1660794511668608	-0.9872156066763805	-0.08660395314296637	-0.1338099444533203	-0.1167674641580569	-0.1784736525333178	0.9769915632519663
0.7000000000000001	0.06530634398245849	0.6143705673180948	0.6287589122943512	-0.1037844491146318	0.9860674001745703	0.1299995016718889	-0.9899058569881036	-0.08972496247311136	-0.1097079095136249	-0.09651519270365372	-0.140073243062927	0.9854259506199422
0.72	0.06457007007299684	0.6130890411575554	0.6221887864123639	-0.0997876708789511	0.9907676410972047	0.0917709218393102	-0.9921600297353063	-0.09210366958907075	-0.0844712344166129	-0.07523892700054431	-0.09948062827963017	0.9921908629194798
0.74	0.06384896436678106	0.6118687373640792	0.6156950090755426	-0.096726964314284	0.9939128675639214	0.05273619312585338	-0.9938617430268798	-0.09359225042661419	-0.05898581530890509	-0.05369106184568856	-0.05811800367309621	0.9968648692410319
0.76	0.06314889995958774	0.6107094759860872	0.6092920451436004	-0.09468251191215646	0.9954070405714808	0.01414374486237587	-0.9949751205862606	-0.0941577304987425	-0.03404160985739769	-0.03255351520744663	-0.01729581938081578	0.9993203306645907
0.78	0.06247229901404977	0.6096121179796239	0.6029872955275293	-0.09359460085501321	0.9953451536899113	-0.0229798981024373	-0.9955334830812199	-0.09384932252174691	-0.01026590114815887	-0.01237476282461215	0.02191642507839197	0.9996832176028658
0.8	0.06181724882541401	0.6085804666330714	0.5967816056262415	-0.09329526183073114	0.9939526617559523	-0.05791459494975832	-0.9956175190859547	-0.09275783652160806	0.01190543795755441	0.006461409216716725	0.05877150629420591	0.998250549831478
0.8200000000000001	0.0611774564683028	0.6076223549530491	0.5906703665731591	-0.09355641794649364	0.9915126785682971	-0.09027626985727179	-0.9953310701222563	-0.09098309977554342	0.03222012421638144	0.02373304679779957	0.09286917569115964	0.9953954283078361
0.84	0.06054309339849633	0.6067497381463083	0.5846449659748716	-0.0941420281778273	0.9883007176108131	-0.1199957086754275	-0.994780738757475	-0.08861838945244786	0.05057729577574582	0.03935175126596242	0.1241308689279471	0.9914852328963333
0.86	0.05990237775715828	0.6059778416694808	0.5786943122134499	-0.09485344236826317	0.9845390461651117	-0.147260622867022	-0.9940620837905453	-0.08575145979644315	0.0669870189871045	0.05332352239762748	0.1527401509724005	0.9868267569538431
0.88	0.0592435849807221	0.6053236157374284	0.5728061800409239	-0.09556041335876116	0.9803740475585003	-0.1724382042137603	-0.9932522599289103	-0.08247455252782371	0.08153463271180229	0.06571267415663395	0.1790661192383949	0.9816400406442711
0.9	0.05855710034640182	0.604803872758197	0.5669681949147465	-0.09621377189555549	0.9758736169779625	-0.1959938615977031	-0.9924074723637173	-0.0788932634248433	0.09435709715138955	0.07661800633198766	0.2035842250090314	0.9760548880227921
0.92	0.05783713905397891	0.6044335138002292	0.5611683690016112	-0.09683925999075949	0.9710384864759389	-0.2184179834788346	-0.9915633659903283	-0.0751260478251953	0.105632230706814	0.08616408155590821	0.2268046179439142	0.9701213410336583
0.9400000000000001	0.05708284582305521	0.6042241878041289	0.5553951989546181	-0.09751549359004985	0.9658208699924301	-0.2401682235370765	-0.9907368706846387	-0.07129091800877721	0.1155770655254588	0.0945049288444753	0.2492140688174166	0.9638263154363291
0.96	0.05629861735370364	0.6041835971343957	0.5496374134920757	-0.09834221139468483	0.9601449300283234	-0.261630508157803	-0.9899286025322737	-0.06748154205038662	0.1244491999612809	0.10183403825099	0.2712341328509542	0.9571112128849443
0.98	0.05549363423789085	0.6043155011439071	0.5438835048210199	-0.09940710548787703	0.9539254747029938	-0.2830978913577255	-0.9891254129395094	-0.06373966354007601	0.132544983945242	0.1083934723854192	0.2931952318924482	0.9498881045364065
1	0.05468071668350843	0.6046203135347576	0.5381211897827296	-0.1007597233191944	0.9470834573542061	-0.3047628634900332	-0.9883029604507559	-0.06003312163875151	0.1401901660979823	0.1144759211402661	0.315323562570754	0.9420543054234073
1.02	0.05387471395351411	0.6050960712767097	0.5323369310409352	-0.1023987569527509	0.9395588579981927	-0.3267164625966451	-0.9874282325250688	-0.05624807823957937	0.1477214923657852	0.1204158635186912	0.3377355563921096	0.9335066757991415
1.04	0.05309069407315299	0.6057394936308793	0.5265156176730776	-0.1042749460543763	0.9313229856822787	-0.3489473197564436	-0.986461880455571	-0.05220062009857492	0.1554607785564752	0.126568929968686	0.3604338935244206	0.9241578406124213
1.06	0.05234221771000997	0.6065468575154443	0.5206404705248072	-0.1063070515890494	0.9223927503516737	-0.3713359999799661	-0.9853602637082897	-0.04766780651663154	0.1636854633943609	0.1332815121732078	0.3833006578660826	0.9139565876956401
1.08	0.05163995979977198	0.607514485366156	0.5146932093075839	-0.1084043955561177	0.9128486812502246	-0.3936442202850742	-0.9840773909193343	-0.04243299170175988	0.1726010715396615	0.1408551586045534	0.4060870920812067	0.902913671365943
1.1	0.05099088619093196	0.6086387576125406	0.5086544984990893	-0.1104874910781489	0.902856276549782	-0.415503379300246	-0.9825674062399635	-0.03633622483495069	0.1823210655947889	0.1495118942095641	0.4284042747912453	0.8911318481742556
1.12	0.05039810349632003	0.609915698456365	0.502504674924663	-0.11249890743658	0.8926869506593291	-0.436410361870717	-0.98078854990816	-0.02931865203426151	0.19285807479063	0.1593669231510426	0.449722608688344	0.8788354561804683
1.14	0.04986138661677785	0.6113403096280952	0.49622474539488	-0.1143996352088845	0.882731368787812	-0.4557390196396102	-0.9787092669420961	-0.02145059023110132	0.2041275164704777	0.1704138910586283	0.4693881152487107	0.8663913105505658
1.16	0.04937826614790108	0.6129059107090659	0.4897976217701548	-0.1161511699814478	0.8734961829651909	-0.4727719577737107	-0.9763162200103346	-0.01293630904295278	0.215961317029419	0.1825254619407305	0.4866590903842161	0.8543110589766113
1.18	0.04894545093072163	0.6146037616495741	0.4832095300745658	-0.1176888629912663	0.8655766733947038	-0.4867508130478923	-0.9736228623183907	-0.004094084234819479	0.2281266324768427	0.1954682928220568	0.5007596838297188	0.8432270664251686
1.2	0.04856029606703826	0.6164231826516677	0.4764514914561376	-0.1188959506840871	0.8596035322138443	-0.4969361330356363	-0.9706763561383264	0.004683986398459208	0.2403444859060468	0.2089286111210002	0.5109401409919796	0.8338399173571328
1.22	0.04822202490355719	0.6183522575793313	0.4695207327773598	-0.1195884002041726	0.8561699939364146	-0.5026644566900749	-0.9675605471392588	0.01298333814064079	0.2523054112584698	0.2225425850397774	0.5165310972377634	0.8268436511397842
1.24	0.04793248130152259	0.6203790389295476	0.4624218541208532	-0.1195179513927278	0.8557522694636138	-0.5033920068920065	-0.9643933216762933	0.02041884597876976	0.263682748459323	0.2359257942681406	0.5169827115453399	0.8228413550388548
1.26	0.04769631218224638	0.6224930097811029	0.4551675713246755	-0.1183954034338857	0.8586386674740537	-0.4987205301209391	-0.9613178140609302	0.02667816811807881	0.2741465588238886	0.2486977861076447	0.5118866222751353	0.8222660744071303
1.28	0.04752062716317992	0.6246864494002669	0.4477788731723343	-0.1159304269928454	0.8648802191774654	-0.4884079673518828	-0.9584883114011467	0.03155062702817094	0.2833808653411676	0.2605000825424752	0.500985792622576	0.8253199031803945
1.3	0.04741430882059261	0.6269553321461683	0.4402844887337511	-0.1118797704311349	0.8742702879533384	-0.4723710200364388	-0.9560531094647939	0.03493911485924849	0.2911042942581792	0.2710080604907852	0.4841804641400165	0.8319398471609502
1.32	0.04738721393952273	0.6292994778947296	0.432719646228216	-0.1060935600782243	0.8863554205159326	-0.4506863932181166	-0.9541376679295542	0.03685536918013373	0.2970908823921558	0.2799383274006653	0.4615362935724807	0.8417949765634737
1.34	0.04744949151652647	0.6317218488214675	0.4251242075720123	-0.09854945995009075	0.9004759270803093	-0.4235930933011127	-0.9528317105142783	0.03740150513397678	0.3011857547297855	0.2870535409675049	0.4332946251254144	0.8543161197445878
1.36	0.04761115214446567	0.634227106545536	0.4175403631224746	-0.0893664752678483	0.9158316326023589	-0.3914920865395638	-0.9521829998122562	0.03674317347022939	0.3033108538642691	0.2921663361284744	0.3998779312843324	0.8687557033510807
1.38	0.04788188925143587	0.636819741895353	0.4100101463812017	-0.07879403760705313	0.9315645256874737	-0.3549352534170878	-0.9521984503727214	0.03508157813441012	0.303459048280636	0.2951433732025311	0.3618795619488252	0.8842700785949743
1.4	0.04827102547444179	0.6395022065064777	0.4025730593205921	-0.06717751911815098	0.9468456226096236	-0.3145958484629551	-0.9528507844154978	0.03263149808065168	0.3016795783141188	0.2959097219827404	0.3200289866215383	0.9000104911377933
1.42	0.04878738610154541	0.6422734735964628	0.3952640755199476	-0.0549075785552778	0.9609503986380621	-0.2712185266064005	-0.9540872844004666	0.02960945034969526	0.2980616281833903	0.2944530719190085	0.2751319897927899	0.9152047730590801
1.44	0.04943892083228126	0.6451283279880007	0.3881122107873822	-0.04236565381485182	0.9733085544667093	-0.2255562217691429	-0.9558373164026873	0.02623104342532834	0.2927233453842263	0.2908267112026599	0.2279964696278204	0.9292133414282784
1.46	0.05023199841036603	0.6480574745117733	0.3811397385597327	-0.02987941131624584	0.9835207963214844	-0.1783089004580335	-0.9580170938889712	0.02271177290238361	0.2858101173649486	0.2851499054811877	0.1793628126864349	0.9415511206670036
1.48	0.05117045655607355	0.651048318340987	0.3743620041078725	-0.01769786148234541	0.991345384915537	-0.1300811804436798	-0.9605325374509569	0.01926485283539566	0.2774997476454017	0.2776040889413972	0.1298583584213977	0.9518785513662578
1.5	0.05225464465764822	0.6540860832833797	0.3677876878972852	-0.005989848523129649	0.9966659616089801	-0.08137003554577324	-0.9632825535113868	0.01609147736262066	0.2680070641921101	0.2684228824360095	0.07998765733748418	0.9599745469846647
1.52	0.0534807692758319	0.6571548716168993	0.3614193198652306	0.005138716021561038	0.9994557991226221	-0.03258372596578864	-0.966164828780434	0.01336500089634179	0.2575789206800869	0.2578742275321976	0.0301576250922496	0.9657077199771542
1.54	0.05484084096530985	0.6602383150146316	0.3552538450884747	0.01561775235847728	0.9997513312324467	0.01591733364045184	-0.9690847185504263	0.01121451754421078	0.246473209230322	0.2462334138237799	-0.01927460233578883	0.969018883005635
1.56	0.05632336206627164	0.663319661056169	0.3492831134805843	0.02538585230419457	0.9976414630497827	0.06377358157324764	-0.9719657334363524	0.009715291377668659	0.2349217447129607	0.2337480941704641	-0.06794942470203161	0.9699199472917035
1.58	0.05791466607302628	0.6663813851564059	0.3434942687045578	0.0343704308467222	0.9932716340820767	0.1105899381108615	-0.9747586788183256	0.008891862223299267	0.2230839592050246	0.2205996182041091	-0.115465993756413	0.9685057628812089
1.6	0.05960063873258814	0.6694045858186816	0.3378700859775747	0.04247911969305396	0.9868555030111769	0.1559222260188521	-0.9774464434147394	0.008735884372755817	0.2110026885613542	0.2068670458192825	-0.1613688337343901	0.9649694942604334
1.62	0.0613682729942161	0.6723686683835512	0.3323894383542382	0.04960180867484078	0.9786840510622882	0.1992917177719473	-0.9800415683434464	0.009233687754526574	0.1985781038517877	0.192505025635966	-0.2051640007573478	0.9596090599291657
1.64	0.06320664227407838	0.675251646329217	0.3270279975219587	0.05562148934701139	0.9691229043050161	0.2402229095532586	-0.982576233882544	0.0103953906099762	0.1855690719469882	0.1773420269761806	-0.246358949919582	0.9528153405894066
1.66	0.06510690675146166	0.6780313374736897	0.321759274389481	0.0604298079100619	0.9585930086619533	0.2782942364843002	-0.985085487197218	0.01227385763183289	0.1716273152276657	0.1611050006342936	-0.2845150192226422	0.9450377678206143
1.68	0.06706106367290246	0.6806876403482008	0.316556084118976	0.06394268382820356	0.9475361001565549	0.3131879181656839	-0.9875863368640166	0.01496298665113713	0.1563628353221861	0.1434732045517953	-0.3192983681928032	0.9367304797245872
1.7	0.06906012748420887	0.6832051170108224	0.3113920516318508	0.06611461736476108	0.9363723256640222	0.3447255794124703	-0.9900594209178242	0.01857883514961575	0.1394172512150063	0.1241418560461206	-0.3505163257467988	0.9282925750873979
1.72	0.0710914342802054	0.6855761887326688	0.3062433411211118	0.06694684501718318	0.9254588197292016	0.3728861661790089	-0.9924363001703146	0.02322220116659106	0.1205442635600612	0.1028995143161722	-0.3781358252776546	0.9200135801144926
1.74	0.07313634836557147	0.6878036725259954	0.3010899875072431	0.06649111506685888	0.91505761389361	0.3978045938303126	-0.9945999027284429	0.02894287760583979	0.09966615939458653	0.07968666833127899	-0.402283324401134	0.9120406579747614
1.76	0.07516919349732043	0.6899019087865027	0.2959164764210738	0.0648499387548704	0.9053166907495773	0.4197572809299735	-0.9963993341234129	0.03572332067335844	0.07689090530413445	0.05461549598703967	-0.4232322457118596	0.9043736029914784
1.78	0.07715526245428705	0.6918987744593287	0.2907127665005539	0.06216858085620786	0.8962618423783498	0.4391466468628581	-0.9976727895332242	0.04346095461017462	0.05253713400413147	0.02800129602930407	-0.4413908192531187	0.8968779583085658
1.8	0.07905336790343914	0.6938330134455045	0.2854729157095309	0.05863212429643071	0.8878006287136309	0.4564781677760397	-0.9982796172731767	0.0520139950470394	0.02706196696781944	0.0002823781304730592	-0.457279551231989	0.8893229628698811
1.82	0.08081510281651105	0.6957550252225022	0.2801954906360047	0.05445273928369558	0.8797276958431829	0.4723495319685909	-0.9981241601217324	0.06121308356741113	0.001058008249886099	-0.02798321221356552	-0.4715210913274342	0.8814106876295511
1.84	0.08238484047001003	0.6977268648442467	0.2748835664921125	0.04985616721958656	0.87173347036395	0.4874372977495689	-0.9971775676404214	0.0708776257502429	-0.02476410230042564	-0.05613609520540157	-0.484826895721802	0.8728067483697984
